3,3
1, 1, 3
2, 2, 5
4, 1, 2
30, 24, 36
3, 1, 2
10, 6
-1.2683372868387686,-0.26051270535960214,-0.2731558301893514,0.292184282291662,0.30067383342845483,1.3144334570305092
-0.020779851424746348,-0.9655137928137627,1.0022355416047837,-1.2022332466113403,-0.5060839837130511,-2.0718540421168354
-0.6360591999104473,0.4510266325243424,-0.09496656166666813,1.080792008531365,0.7495230698975047,-1.801320915179146
-0.3941664976682394,0.22010285029461846,0.33604209153769365,-0.7270419789334268,1.296158225288609,0.7824446439915657
0.30026760957564147,1.522985611413716,1.8580219872279082,0.3401937788886042,0.10457597193610299,-1.8897429900595564
0.9816074576303963,-3.4910781618006,0.08105275523167996,-0.4626366261680919,0.30940357758805354,-0.5250228532666938
-0.635925952862562,-2.868784345025254,0.8314951304487064,-0.53040132804107,0.1345335713787066,1.3043766819586131
0.8490828061430344,0.04644419804685311,-0.05845493085427456,-0.9375685428289867,-0.9688534065597605,1.5709329479340783
1.6374048113214508,-0.7063984125023625,0.07751394195671708,-0.41800958979737707,0.9731105791039297,1.5298714153758357
1.2016207792112308,-1.1947863183641132,0.07958939045486137,0.9064952523847827,0.055754883165744375,0.8989440988429177
5.91182773, 5.00956779, 8.71919357, 7.62043222, 0.38004099, 2.50487333, 2.45756584, 4.19517501, 2.61113124, 1.96677626
0.2701743429042131, -0.38039626048994607, 0.24723206241180076, 0.22933656201874025, -0.7924905326215467, -0.7310758746599303
10, 20
-1.3825490391237492,-0.380084650853935,-0.4893470561847195,-0.021893984438908227,-0.4721316916891075,0.056451198585624134,1.9736034464263987,0.4592230751650095,-1.3560879134606618,-0.20832255678919048,0.9290257095922438,-1.4682826751757518,0.06650670906021768,0.7053671053507339,-0.33240446910191385,-0.502263249712889,-0.28933657256318174,-0.42649723936974465,1.176886620759596,0.7509387792129248
-0.7669020965506547,1.288581819834585,0.8325760269789066,-1.4035663846910853,-0.5267481397512411,-1.8710624267325628,0.004315761679269728,0.7081155740492171,-0.7524881205189214,0.39671582143480993,-1.2017426074107282,0.9712723021009185,0.32148562872310926,1.1913953039200829,2.1014252284272352,0.12174199263329037,-1.0530802596000446,-0.8090112268751912,1.178141970984206,1.3709045819955101
-0.7551014162363789,-0.42455938382527464,0.9550996166253934,-0.6422062176412323,-0.8559792019491277,-0.6241592043943848,-0.6355280269755222,-0.8611824713125245,-0.10817437430800542,-0.33050889469219913,-0.5748726465874395,-0.016924057850806955,1.0005854308446105,-0.3385940169256077,-0.4247076892588526,1.4272857481690593,-0.17483003083017443,-0.5780980696353366,-0.5100900635925586,-0.2381155451434436
0.629143195426587,-0.9022181910890674,0.011766658810882992,-0.5800033751241761,-0.08918674375521042,2.014211859735489,-0.1966210458194218,-0.22538897786421172,-1.1341993889001671,-0.7783633603133837,-1.4582224866097833,-1.0629646219218118,0.8312925579088365,-1.00584900596412,0.62390748517196,-0.8851390463385422,0.42965680019037406,0.8100793572904504,1.2327489877884603,-0.10947087847954376
-0.30839971636916885,-0.04339053368328884,-0.43320354583372583,2.4741794673664526,-1.040369188657661,-0.09444658440029725,0.5503354620348858,-0.6621717472017564,-0.9860171093641314,-0.21712835605847833,0.35757864440212017,-0.25568763573684644,0.10029746130105788,0.3164782553796875,1.38443047518692,0.556765319798672,-0.7741445169233274,-0.2789073810244242,0.9369292208915206,0.7875827914447874
1.291730381477326,1.0888973881921369,0.7955427314327643,-0.4912408011132762,0.6125193187881101,-0.8897485294042671,0.5731760395082436,-0.8113743505947556,0.9532979566545443,-0.06445785168605181,1.3983972561449984,0.4405704532488064,0.745365852008208,-0.3917363311869329,-1.0671741942341,-0.5892268570912771,-0.6194253366091723,0.7661264281671885,1.1978036953017572,-0.6539659324609315
-0.28293778397476266,0.005332203356615695,-1.9609391427754348,1.0019450529747447,0.22824218537976593,-0.6729440575372715,0.4481278576299478,0.8459064586240642,-0.06085266185110633,1.1354095695082314,-0.9479343671718626,1.0723095731105996,-0.7941354055462525,0.2616036009794509,-0.010333411481906642,0.4715966755509996,-0.11889435339495233,0.09203185767237895,-0.1933657111148693,-0.9091519307423502
0.3788001334524569,0.8134442068817592,-0.9181328169771674,0.3450704381337276,-0.3812819630556923,-0.35992522627102286,0.8552476878366372,-0.21173429750048345,0.8712841388606201,0.29189495795948334,-1.205422173232555,-0.720138837169465,1.7559348871938596,-0.5378004972274054,0.08388296697953604,-0.5908130645473176,-0.714846794096117,-0.09200406948929701,1.3239409896861734,0.9282780121108686
2.1720711935801154,-0.4299306468864505,1.088010211298246,-0.21073005318349153,-1.3509440227024703,-0.28712625877696013,-0.3533602743100882,1.1914005859296506,-0.4398949940603814,-0.45881939583558506,0.3918614081919596,-0.15951285572831264,0.5197834648264007,-1.090345073141269,-0.4654513130345594,0.6505116830300441,0.14654850821662047,1.4511796458645563,0.4073927901952297,-0.6431404291391098
0.7907918367254191,-0.8894476998161034,0.056868305948864314,0.8138237969355138,0.05087268675609061,3.0962921165856185,0.7308265006048755,0.44774563437077686,-0.02439414192859478,0.9205940478263628,-0.47427333664753063,1.1609497804318363,1.6814712377183958,-0.2688017997632893,-0.5033516691298545,0.49611078283050225,-0.6497668957751862,0.6730674582921429,0.7307384702706092,1.753006103631067
9.856045625331983,1.6804655122716772,8.105088234235565,6.274206921101787,3.594542841605932,7.36119476824765,2.059715581102034,0.7381072642571163,0.5000707787479441,4.102571537356482
0.39174255831922944, -0.9875541061729047, 1.2208007594930719, -1.0941455179507718, 0.18228590363914204, 0.5712906424505324, -0.41516139132677904, -0.40310136959029935, -0.8442796693486379, -0.5880572631080342, 0.5845210601441391, 2.2909223479367062, -0.708788076629801, -0.40737142155784195, 1.7434178062276868, 0.6690002435908425, -0.41775786409477494, -0.7859768229555839, 2.223685894740125, 2.452277658685185
10, 15
-0.7479545780098333,2.284960295584281,-1.374449941124047,-1.020694390537759,0.3706491113764396,0.6450131996249033,0.2635673198399955,0.40516927792545493,2.346066045072204,0.08247685774292939,0.5898594769828265,-0.08005970919846297,1.0654724138206988,-0.25026808318197313,2.0818675411810537
-0.10582960489053737,-0.45254425118474984,-0.6697629916425091,1.0186615245515775,0.32815186804169755,2.3864208534339455,1.2693457616003363,0.5669410215486312,-0.9387908487426639,0.8649141619890758,-0.6594964215055004,-0.19859567115296486,-0.9712213014522822,-0.17518705263180506,2.1261576832012987
-0.9007703884878158,-0.7478553388500886,-1.374299293029135,-1.2803695065082206,-1.162201196323462,-0.27694691284224493,0.4247968516563776,0.31300001028729973,-0.07341190672693873,-2.298562466230264,0.4985009357715003,0.9968762361075478,1.439247684239586,-1.0473564776483653,-0.8148768304850826
0.33037221269969436,-1.1091203850714653,-0.8147416488191512,0.2385412830060751,-0.6925631784093143,-1.1235002331709083,-1.6574906264710836,1.2039270857366307,2.1800234474205955,0.4722660892162171,0.34173560698277644,-0.011149646479668091,0.8968884336279007,-1.2544347873262265,0.7418445303720864
0.6631817153771062,-1.3001273503841817,0.6804862256887073,-0.3197445048326201,0.07630971043745037,-0.44479283464101727,0.7973499352857663,-0.8949616954376495,0.8916888203955263,-0.12039467323896995,-0.014568149169206634,0.4749542301998441,0.5807847702957871,0.0636413780210777,1.3085731849020252
0.9586504674422729,-0.2869346654702151,-0.005146914309599415,-0.7713156412836896,0.6903198900868349,-2.2813027095822287,-1.4770004010151083,1.6444747953861454,-2.5162671906746312,0.4941803621153775,-1.647853835187755,-1.6573107882653968,-0.7324657410642181,-0.23351803813411265,1.5515507180402084
-1.2970997508396809,-1.0099294014057134,-1.3985412057484017,0.27502726611596606,0.4316716589952089,0.14586690251144047,-0.11856199391528423,0.3061725645197633,-0.3531867688634187,-0.8604677701450726,-0.8379860443121456,0.43688979225937175,-0.6864140498045626,-0.6814876773419895,0.07537720325337756
1.2123100786035839,-0.5055867837156148,1.307378321807868,0.9792122029587268,-0.6342082347234212,-0.17138851850613984,0.47544304553637506,1.7313084800753002,-1.7346153899313626,0.9821091422899859,0.9314832461062094,-0.45707793873551755,2.2996912395252265,2.565103636986887,-0.08944557702665439
0.08721496533971203,-0.7329492708634188,-1.2150581192220422,-0.18614172850723507,-0.4846785115961387,0.36214872925802133,-0.06845650829107462,0.01588328742185312,1.4430944874547111,0.23883872869839745,-0.6232277398429692,0.6109573391139206,0.9639737440523691,0.18078167938683776,1.5325802919163074
1.4571083609899786,-0.6507175267592114,0.8217492827965449,1.379568940988658,-2.3308169803677043,1.4625744221850723,-0.4396360376929627,1.0090492824083181,-0.21122368374602013,0.12156772262450595,0.33588805277525385,-1.5961488685118557,-0.4564478713312911,1.495415623752088,0.7744827773796109
2.468848312439325,2.2687741671840373,2.6000212957500812,1.5543332124977716,3.914832590081614,2.5813092973710106,0.1439319776171768,2.095712218150982,3.5093745960838256,0.2488834004034235
-0.3823250220687148, -0.5052513982304, 0.15024386843917265, 0.4215214263822849, 0.6589773081706187, -1.534845779671714, 0.8754924361724429, 1.3750403564471723, 0.5625831820002559, 1.784994159517906, 0.591386689326565, -2.4624705980325268, 1.4412290291731495, -0.10580843620437959, -0.30074921254069065
10, 15
0.23860876420048316,0.030489811338844163,-0.019111155625671793,1.3612951797160977,-0.3093384638993089,0.824499814309448,0.47950077639681093,-0.1721034374236337,0.9020372015099951,-0.03473712231751278,-0.9062401360974354,-0.6068744027816808,-0.07130361774640945,0.009386895463563858,0.833720923303156
-0.7616242883819326,-1.0414602387222538,-1.4219300038373828,2.513732997181717,-0.9733187606901823,0.6850022217249786,1.2220763449503493,-0.5973779613096127,-0.06115363427146018,0.13372414469612184,0.5498976725944494,0.062379024740651545,-0.5445263097900511,0.18159327573667663,-1.2162563256571075
0.6421139356756289,1.7383319728572777,0.46328984202027024,-1.3843775731115409,-0.6021726944711557,-0.5705267740695619,0.21403303003724197,-1.3213048226128086,1.7504707044457124,-0.8104506989220489,-0.7675547034193857,0.9299954415239099,0.10642889125526003,-0.620431873632699,0.7936488448024349
0.5202322749068153,0.8883087155224209,1.4288989795734248,-1.291578533773473,-2.1271929103222083,1.0090991087828691,0.1614464012613459,-0.08061379494156876,-0.7507421304476188,0.5734167009814515,-0.08242633856842946,1.127638578107161,-0.9452951951570848,1.5748452195061755,1.422838684288636
0.08132049059764838,0.01121009460721192,0.23567759528037394,-0.9036643344187757,0.25826236521146484,-0.2082767346734993,-0.010572320980891984,0.11643179206834908,0.3263274242310067,0.3537346218883965,2.2957723096914235,0.4373011606314524,1.0916851086593626,0.9690171765441213,-0.07448032778242644
0.24458417481216294,-0.01329616507697118,1.606179360443421,1.2492410839206296,0.11936578514897551,-1.6164995011999896,0.9363768969969768,2.337125043184758,0.0014400585616777828,0.8517007622587067,-0.9553028042700169,-0.3011179637743237,-1.6655399109968807,-0.9627900581490908,-1.575987911911012
0.5949143142189371,-1.3199450070911567,1.7747584157602239,-0.03294770728187587,-0.4175898306610608,-0.17697037903719556,-0.05225513341509636,-1.2890800761518697,0.3234293376439318,0.10130030340728911,0.5879738772187941,1.310139518059875,-0.003902780633629985,0.8031561511316653,0.5340878933852337
0.9681283163005022,1.430231090009709,-0.6097866446996841,0.2300145822351965,-0.586668468289844,0.23828549148177955,-0.8639608783508606,0.2275994389984363,-0.8788486598400247,0.6992536830426377,-0.5176147966612425,0.6548794773323139,-1.234724630198696,0.013120962168920131,-0.982495492578071
-0.7874587687874038,0.31810489448990725,-0.11442609429432092,-0.4858612605366435,0.6571590741266097,0.8245249909072361,-0.029477534803838135,2.0054210614406784,1.9573031415907896,-3.393441873534053,0.0655414413614551,-0.21825116307005193,-1.159325838516998,1.3989717660002132,1.472251412582995
-0.6727612554635564,-0.8378772952323088,-0.8900147924114544,-0.3218311374189616,0.9368712291889826,-0.33028209997119023,-0.27132910747391353,0.15860258829234314,0.9891305984509294,-0.7334538146756978,1.2130027474943954,-0.9578030381107989,0.3294418849805564,-1.375473094683786,-0.14043736683265542
-0.24136329836022163,2.7846312927128034,0.60786080057854,1.2440592846924483,3.7724020352282617,-1.9179101726686483,-2.103255586890219,-1.3661452920322743,0.3773376433298967,1.5951270505169424
-2.3209657755226383,-0.7588995031957387,1.3521529766413112,-0.058237660418736986,0.20094814843003825,-0.0016192898199183917,-2.3705269115480885,-0.4539118763604965,0.7399895184546919,0.2186458315786322,-0.8149454732649053,-0.7224881846080214,-0.2060850021395422,0.9463264062940197,0.8498986524204764
15, 5
-0.6456535028308761,-0.29194431327345804,-0.7932045323897988,-0.9950025779074564,-0.32981617216930686
0.41422091917689385,-0.7205829965717682,1.232327514944162,0.19971452955124508,-0.04491554923306383
-0.42473547273497775,-0.5424869298907468,-0.7887063186594316,0.5550199746296243,-0.7363121872144143
-0.11942566794781463,0.2716126570652405,-1.5963588821517638,0.8818854231255912,0.09403002344278225
-0.6393346846072571,1.6808000817011606,2.4073066710090276,-1.752592232759039,-1.1694877574461513
-0.10792438778603278,0.07458796889685225,-1.3466474439447216,-1.9313539353587663,2.026910033452155
-1.6740846785541939,-0.8241181246450129,-0.5772045603521816,-0.24183297962628567,-2.3385624744749163
0.7818853135573206,0.7610274598363669,1.7359813452273412,1.5666850553361056,-1.1743660879942033
0.5103865741269231,-0.47482954826584234,-0.105945268022941,0.3057973836148823,-2.090853733161756
0.007363850051094515,-0.7407086343608602,-0.19988194283769628,-1.3610018956833718,-0.46480262107394116
0.4420136043375447,-0.031243430797416153,-1.733569586610263,-0.07996421371508834,-0.2573248270022636
1.0240872782225918,1.2444703038104712,0.3331135976992612,-0.22953722673176555,0.14812020236968954
1.012086195878788,-1.8044973859774938,1.5221271643660175,1.2859019307780697,-0.7227655350552774
0.4683867988957779,0.2775056493065472,0.14649250216242632,-0.13572833690548367,1.449331768833768
-0.015730237217856022,0.14259180857332746,0.810245863598917,-0.10881138019470839,-0.2146691084055367
-0.11433043429666245,2.269340448998573,-0.2926981439147047,-0.6873946875732688,2.1574373205357933,-2.733952048760014,1.3611851704792786,0.8249526095375446,2.313271384950564,-3.6202413277988796,3.6682816474430844,-2.0321438586221516,1.375406487264943,-1.981575530371095,-0.09564954496433131
-0.4062552329167386,0.382098372724227,0.5779804335249611,0.17821470802490713,-0.04197724314664263
10, 14
-0.23644467617064377,1.041525811183803,-1.3045083940023665,1.6429912029226708,-0.036297153813451916,-0.15379773500103006,-0.5739844008813102,0.31403088890345776,0.45946119666725305,-0.10670353379648984,-0.8674395719870205,-0.09804595920651164,-0.20346145144251165,-0.35104705846428313
-1.6774996500381893,-0.7443765924282068,0.15055038035359944,-2.4484405847701165,0.38150064017038005,-0.18277684144262116,0.4448070116018566,-0.6134021234277934,-0.8773664388487193,0.14949312660146397,1.1025400761356716,0.07360806292886955,1.3891827249766897,0.09807157482379879
0.6944270399769855,-0.1222801383967301,0.07865643954257957,-0.7444362806302313,-0.9489424971949143,0.2992090057504233,0.26324522231546077,0.6293652321930795,-0.37180748877410036,1.1983117113728072,-1.0957287705832224,-2.1145841752601937,0.2520993677385288,-1.4905499345700135
0.9312653808528022,1.9094484317214084,0.1360816574388675,0.9019912150780887,-0.5225897065970112,0.11929369210976262,2.0924261564756566,-0.19486267233692195,1.2896642257402875,0.10438671295293751,1.6370912308504177,-0.28506124515786324,-0.3956930012460395,0.15679211836946458
0.5319358865615487,1.4320777677565466,-0.8524814462339759,0.9941198489788385,-0.03273905372513411,-0.7778391047937161,1.4974263247743749,-0.09318691023816557,-1.3299695908410132,0.5468436565671951,-0.1438582041965271,-0.331269011664798,-1.2004511295459304,0.008929221219092677
0.23644467617064377,-1.041525811183803,1.3045083940023665,-1.6429912029226708,0.036297153813451916,0.15379773500103006,0.5739844008813102,-0.31403088890345776,-0.45946119666725305,0.10670353379648984,0.8674395719870205,0.09804595920651164,0.20346145144251165,0.35104705846428313
1.6774996500381893,0.7443765924282068,-0.15055038035359944,2.4484405847701165,-0.38150064017038005,0.18277684144262116,-0.4448070116018566,0.6134021234277934,0.8773664388487193,-0.14949312660146397,-1.1025400761356716,-0.07360806292886955,-1.3891827249766897,-0.09807157482379879
-0.6944270399769855,0.1222801383967301,-0.07865643954257957,0.7444362806302313,0.9489424971949143,-0.2992090057504233,-0.26324522231546077,-0.6293652321930795,0.37180748877410036,-1.1983117113728072,1.0957287705832224,2.1145841752601937,-0.2520993677385288,1.4905499345700135
-0.9312653808528022,-1.9094484317214084,-0.1360816574388675,-0.9019912150780887,0.5225897065970112,-0.11929369210976262,-2.0924261564756566,0.19486267233692195,-1.2896642257402875,-0.10438671295293751,-1.6370912308504177,0.28506124515786324,0.3956930012460395,-0.15679211836946458
-0.5319358865615487,-1.4320777677565466,0.8524814462339759,-0.9941198489788385,0.03273905372513411,0.7778391047937161,-1.4974263247743749,0.09318691023816557,1.3299695908410132,-0.5468436565671951,0.1438582041965271,0.331269011664798,1.2004511295459304,-0.008929221219092677
1.3043671211999373,2.2406350831322523,3.0794881141647323,3.4987783126064533,-3.4396119326919745,-1.3043671211999373,-2.2406350831322523,-3.0794881141647323,-3.4987783126064533,3.4396119326919745
-0.010379689803545535,0.7595567268829113,-0.6406134039432975,0.24204710198265392,0.4519761319285711,0.4916614371656543,-0.4450111945300117,-0.3513757361591196,0.3658280078538893,-1.559725017801278,-0.34045012015248327,-0.021472256111634287,0.26762064128286794,-0.4105975485779849
12, 14
1.3913298642097047,0.35304707593382734,0.5680326627327115,-1.2885287743977623,-0.940737131880799,1.2689258216144783,-0.019006132453963886,1.2319365597810414,-0.09448908852303282,0.5796644002029403,0.7569819320479367,1.6563857134770652,-0.7129910838371423,-0.23924395457076383
0.7873547372677536,-1.1234516917962762,-0.186543706900206,0.7673561995034851,-0.2069766263847175,0.8448403205171889,-0.44474590277969467,-0.14384878103986123,-0.34709835929744803,-0.48405597506091674,0.10650311871009487,-0.20925698415634633,-0.8344906825208934,0.635925490520731
0.8392026907790336,0.1782173128566134,-0.6271206589132956,-0.07282617210497105,-0.40049571102349285,0.5256548242543976,1.5834652154871647,-1.1531766650445456,-0.1752736948267565,0.02738650835256997,0.6656482004167169,-1.1346395965649194,-0.43640797907572043,1.7316962374300127
0.7415120295710824,0.14026916772997622,-1.739106999863542,-0.8809031683118741,0.7420073379212034,0.38894069027382916,0.8323183871364709,0.16770925443181334,0.5702936225590597,1.627261786039268,-0.9526507491073887,0.7863251691352557,-0.5079954349833423,0.976557891250046
-0.14006476245922014,0.542506822224766,0.07577450138417154,0.6865780124774195,-0.23040209608159692,-1.0922078836251776,-1.7331767808573093,0.5264104193706437,-0.742064556407897,0.48256338492098466,1.3062455443831968,0.8866467756791572,0.37535758973562944,0.6661707809696626
-0.8709026839995588,-0.7890906999212807,-0.36332176681539735,-0.5499626818321603,-0.605743256190297,0.6264006033305334,-1.7378415807803602,-1.3475813114497754,0.4735814196489803,-1.9542565138508974,-1.3536358780862325,0.08842945996224513,-0.9858581301402121,-2.439628161667168
-1.3913298642097047,-0.35304707593382734,-0.5680326627327115,1.2885287743977623,0.940737131880799,-1.2689258216144783,0.019006132453963886,-1.2319365597810414,0.09448908852303282,-0.5796644002029403,-0.7569819320479367,-1.6563857134770652,0.7129910838371423,0.23924395457076383
-0.7873547372677536,1.1234516917962762,0.186543706900206,-0.7673561995034851,0.2069766263847175,-0.8448403205171889,0.44474590277969467,0.14384878103986123,0.34709835929744803,0.48405597506091674,-0.10650311871009487,0.20925698415634633,0.8344906825208934,-0.635925490520731
-0.8392026907790336,-0.1782173128566134,0.6271206589132956,0.07282617210497105,0.40049571102349285,-0.5256548242543976,-1.5834652154871647,1.1531766650445456,0.1752736948267565,-0.02738650835256997,-0.6656482004167169,1.1346395965649194,0.43640797907572043,-1.7316962374300127
-0.7415120295710824,-0.14026916772997622,1.739106999863542,0.8809031683118741,-0.7420073379212034,-0.38894069027382916,-0.8323183871364709,-0.16770925443181334,-0.5702936225590597,-1.627261786039268,0.9526507491073887,-0.7863251691352557,0.5079954349833423,-0.976557891250046
0.14006476245922014,-0.542506822224766,-0.07577450138417154,-0.6865780124774195,0.23040209608159692,1.0922078836251776,1.7331767808573093,-0.5264104193706437,0.742064556407897,-0.48256338492098466,-1.3062455443831968,-0.8866467756791572,-0.37535758973562944,-0.6661707809696626
0.8709026839995588,0.7890906999212807,0.36332176681539735,0.5499626818321603,0.605743256190297,-0.6264006033305334,1.7378415807803602,1.3475813114497754,-0.4735814196489803,1.9542565138508974,1.3536358780862325,-0.08842945996224513,0.9858581301402121,2.439628161667168
-0.5600917553267051,1.0817827998309122,-0.14747837262854802,1.4112882425714135,-2.442077950330546,-0.34122410653526103,0.5600917553267051,-1.0817827998309122,0.14747837262854802,-1.4112882425714135,2.442077950330546,0.34122410653526103
-0.46273779871108556,0.08027354207043502,0.7255577442590775,0.03284845898475108,0.12429871347984263,0.8118117389998589,-1.1056602535926954,-2.2977225877706964,0.1005423791357893,-0.4401875075488889,0.9991182722937036,1.1959341608729381,-1.2594526670570394,-0.5892869214787754